Length of the list   = 100
1578 1730 957 1250 599 1107 895 1823
1766 1829 547 1574 1838 785 908 1177
2058 293 1199 1046 1722 1593 1353 1580
770 1133 1168 1811 700 1977 1098 1195
1441 1525 1668 1790 703 1767 1327 390
1440 1560 947 629 1702 499 1809 1749
1669 410 1717 1637 983 751 1788 1790
798 1449 631 909 1597 1119 1993 1797
1658 996 1134 1896 1286 1659 1425 362
1668 1703 1045 720 1429 1791 1529 494
1200 1673 493 1278 728 1777 1681 1391
1149 1524 1694 654 1834 466 1289 1867
1750 680 1270 836 1791 1677 665 1903
1156 1880 916 922 1417 1214 1398 774
760 1130 1154 1158 1597 1070 1812 976
883 1722 1862 1325 1361 1729 1199 425
1686 1433 549 755 1511 1042 1368 1446
1800 1765 617 697 864 1490 1244 1798
1682 1435 1734 591 447 1184 1681 1515
1170 1185 1059 1022 1823 837 928 1565
457 1055 1649 1895 745 1216 1509 1663
350 1548 1628 1572 617 1771 1475 1722
1409 980 1628 994 1288 1239 590 1534
1257 1621 1850 624 1183 859 976 1400
1147 697 886 812 1500 1754 1608 1556
1322 1504 808 459 1667 1456 1714 1208
1542 1080 439 1549 1885 1452 1139 1111
1245 781 1621 1567 1269 1527 554 1217
1413 937 1821 940 1412 1472 1231 574
734 1630 1830 1365 1576 1810 1352 408
1981 624 847 1604 1255 1487 806 1647
827 1468 1888 711 604 1234 1735 1842
614 1843 999 1305 1101 1292 1619 1030
1843 1297 947 748 1726 825 1081 1326
1876 1850 444 1199 677 1707 1718 1282
365 1013 1992 1783 1294 1673 777 1816
1880 302 1901 861 1678 1202 1502 1407
345 1558 913 1536 1702 1638 1224 1954
1731 1226 1571 880 941 1939 1843 440
1603 733 1561 614 1363 1888 979 1222
715 687 1243 1070 1756 1693 1531 1447
1518 915 2016 1864 983 1163 455 1524
609 1235 1546 1583 579 1616 1741 1097
1945 963 782 1589 1624 1459 488 1860
1689 1459 324 1348 1842 799 1665 1361
791 1890 990 1860 552 1540 930 1936
1467 929 1218 574 1292 1613 951 1624
1208 1478 691 1604 1927 957 732 1820
1616 1594 1720 484 1138 1972 968 936
1565 781 1178 977 1257 875 1885 1100
1334 436 2062 1841 1400 1633 1256 636
1011 1226 1875 1673 1820 356 1811 1087
1705 1812 1183 674 445 1227 1566 1653
1719 1718 1089 1984 941 1143 435 1637
1581 682 1302 1060 1266 1059 1795 883
1199 933 2052 1611 928 1026 611 1686
553 1063 1820 1604 1395 1623 1676 590
1616 1464 474 1346 1376 989 1607 981
1436 1902 932 1604 1593 528 1478 776
1908 1825 1280 546 1763 1062 680 1483
894 1239 1682 486 1617 1348 1136 1565
944 1819 1053 1590 792 1332 672 1633
1793 1319 1012 1520 860 1199 860 998
589 1746 1207 1783 1436 1410 1257 701
1801 506 1242 1318 771 1754 1122 1491
901 1874 556 1353 1757 669 1739 1625
1562 1485 605 398 1513 1869 1685 1542
1917 1163 1146 725 1210 1225 1245 928
1007 1494 926 645 1532 1683 1131 1394
1767 1117 359 1061 1589 1275 1421 1669
1635 582 1067 1434 1220 679 1690 1870
872 741 1759 1926 1708 1490 469 1632
2042 1393 1551 514 1480 1551 584 1368
1757 1740 722 1549 1567 346 1491 1512
1599 1622 1940 837 1208 490 1644 942
1748 1454 1138 622 1551 1217 639 1835
1851 1158 412 1260 1911 1422 914 1589
1694 1205 758 758 985 1481 1091 1821
1728 222 1799 1062 1207 1726 1842 1693
1338 1637 1466 1550 1757 350 1612 814
1932 526 858 1327 1496 1815 1396 947
1782 1410 1147 319 1224 1519 1287 1458
2044 1537 1979 193 1524 1698 1749 1095
1737 1026 438 1238 1146 1116 1518 1704
1391 1315 1446 872 1580 1066 611 1378
620 1128 1853 1931 1418 1290 506 1630
1442 1576 1586 1694 1398 778 1820 374
788 1678 918 1640 480 1491 1656 1473
1693 1518 1872 819 1379 905 641 1196
715 1818 1697 1866 310 1498 1276 1543
1019 1756 1313 986 746 1585 699 1913
1315 1618 560 1335 1078 669 1597 1720
1466 1643 1836 1165 843 1556 1843 373
1042 1594 1471 1200 1642 462 1485 971
1291 1599 1400 1353 1222 1203 382 1746
882 1580 1435 1403 347 1507 1113 1885
1703 811 1782 367 1864 1301 1797 1113
1128 1760 1002 1863 1834 990 749 918
1898 1513 1791 300 579 1801 1751 1573
1801 729 1437 1890 1568 1288 670 873
