Length of the list   = 100
1334 1058 1273 1041 1222 413 1759
1615 1185 1701 535 858 803 1579
821 1745 1634 631 1413 969 982
1105 1425 675 1795 1780 969 681
1485 1591 1204 364 973 1071 1639
1044 1271 733 875 1726 752 1429
2028 717 1130 1730 930 1747 532
1770 1642 1414 1348 1113 340 1023
807 388 1727 1747 883 1700 1803
595 1175 1156 1516 1530 1777 601
806 1525 1538 919 1268 719 1096
885 963 805 1135 1857 1878 779
1324 1239 1594 423 1605 831 1195
883 1818 470 656 1422 1893 1578
649 1442 908 1069 703 1818 1511
1407 1604 1296 1410 588 1694 459
735 1747 970 1608 1788 531 1209
1234 988 1460 559 1201 1066 1202
1526 1563 407 1532 573 1231 1721
438 1586 1605 784 1387 1082 1934
494 451 1939 1785 1417 1653 1404
1921 804 1467 714 1601 1043 700
898 1315 1264 1611 1437 1833 321
580 1926 1112 1463 1398 1106 744
1109 353 1929 1379 1073 1899 1058
1621 692 1166 577 1385 1417 1094
1132 755 1374 483 1749 1253 1843
1337 1737 1605 421 1693 1684 535
1872 1753 512 849 1335 1572 682
1011 1846 524 1390 754 1675 1092
1581 834 1599 320 1208 1585 1724
1733 1259 1336 585 1748 1468 446
1751 796 969 554 1768 1291 1051
2018 747 887 1210 510 1449 1686
918 692 1139 1618 1006 864 1933
1726 1552 238 782 1719 1794 1557
766 1445 1576 1521 378 1313 1509
1324 545 849 1493 1626 933 1224
1287 413 1830 1695 1784 963 835
1421 859 491 1465 1832 1843 775
1678 1808 1724 593 838 574 1670
1086 1773 651 1622 1594 1194 567
1849 1325 615 1680 834 615 1693
1073 1506 475 1032 1058 1120 1564
1507 761 1710 1210 823 591 1775
1787 1399 464 1720 1783 598 1123
828 1697 504 1211 1520 1027 1362
1425 1654 1540 1308 746 565 949
1728 841 732 1655 458 1506 1783
1858 351 1817 1474 1497 1942 532
372 1483 1624 1389 599 1689 1785
1489 479 1517 1068 702 1801 1379
1740 1770 730 856 1254 885 831
700 1835 818 1663 1674 1022 772
1602 1386 1141 1669 1340 557 663
757 533 1890 1509 1459 1513 830
1559 1301 710 1328 1877 394 1439
427 1551 1381 800 1203 1308 1873
1499 1386 956 1229 703 1068 826
1290 1139 1322 909 1242 463 1467
1405 731 758 1813 1790 548 1535
1259 1971 373 1424 1259 1972 741
1749 1706 1480 1367 568 476 1325
1933 1791 1323 1329 459 1557 558
1396 1213 514 1463 1140 1546 742
1421 1666 1022 827 393 1524 1445
1364 1617 1226 1020 1201 365 1509
1599 1571 668 1141 893 789 1163
1607 1906 1360 775 571 1226 891
1935 1050 1336 1594 647 1037 687
1570 1432 1322 282 1248 1687 1058
1598 1431 1101 707 1741 1480 408
626 1732 993 1506 533 1577 1387
484 860 1618 1704 1609 729 2078
1878 785 1754 378 991 1537 1622
1835 417 1463 1513 1234 772 1176
1805 996 398 1395 1587 1490 815
1350 1284 454 1189 767 1274 1558
1363 1547 1354 1722 798 845 598
1477 1792 808 700 501 1461 1595
1374 726 1263 1238 1787 786 821
740 1962 1531 658 1662 933 1024
1629 342 1207 1221 1476 1098 1393
1249 1000 526 1209 851 1417 1513
1533 1164 1645 622 1030 1480 643
1561 366 1358 1375 1153 919 1809
1201 1722 579 1316 1738 479 1682
551 1987 1620 750 1676 934 1242
1651 939 1422 1201 450 897 1872
926 1758 753 795 1786 790 1377
1569 1108 1777 460 1403 612 1626
936 1932 990 593 1033 1449 1090
703 1406 744 1703 558 1926 1823
1862 705 1040 1752 1241 442 1674
1582 807 759 1738 1447 1967 519
1922 1869 997 1464 557 953 747
1332 1316 1219 1343 1300 1710 274
1425 686 393 1427 1627 1309 1617
776 1771 520 1698 1715 662 1879
1307 1124 1321 390 1394 1304 1189
