Length of the list   = 50
1218 1586 921 436 874
1234 1048 362 972 1477
687 406 1413 1184 1404
902 1236 544 1412 710
1599 362 948 1806 844
211 1452 1498 1727 1149
401 631 1221 1767 1208
1362 413 900 886 1592
1257 1750 985 658 513
1454 996 357 1308 1004
911 260 1419 1484 1784
1157 368 775 1941 1309
1438 983 434 767 1423
634 967 577 1169 1483
959 984 502 917 1382
1193 218 1407 1478 1586
940 924 1176 419 1853
1569 1209 745 351 1388
1357 1247 988 1193 323
1477 702 468 972 1726
1482 1505 294 779 1496
1764 1550 426 501 1344
886 495 902 1812 937
1083 415 1802 1781 582
1444 299 1530 874 1326
765 1405 639 1708 596
1203 1271 1040 591 658
656 794 1254 1591 571
1166 704 1458 1212 399
1530 586 1740 1143 384
309 970 1163 1221 1601
765 836 1269 1294 542
368 1400 592 1521 1754
990 538 1417 1069 753
1482 632 1559 659 661
718 441 1425 1469 1006
1606 1150 337 801 1482
1936 1600 529 331 1753
1610 587 540 1551 951
919 1291 594 1248 670
885 649 1375 1301 563
788 574 1219 1255 827
1222 483 1172 1231 702
1501 691 745 696 1147
465 951 840 1620 1022
607 860 633 1850 1116
321 1666 1457 836 1258
666 791 673 1410 1131
1407 1814 237 960 1620
509 752 1641 864 1252
