Length of the list   = 100
427 430
585 314
397 468
869 216
281 705
463 395
139 1777
797 231
477 384
385 485
739 247
752 243
777 236
953 202
344 553
1345 161
138 1816
1399 158
844 221
1283 166
674 272
198 1022
276 719
1570 152
253 790
1075 186
373 503
156 1372
206 977
164 1280
455 402
258 773
148 1518
993 196
806 229
146 1562
223 902
1332 162
201 1004
356 531
360 524
247 811
333 575
1378 159
212 950
178 1164
154 1400
185 1110
315 616
406 456
242 829
623 295
511 359
1057 188
153 1418
686 267
766 239
217 928
1023 192
190 1075
368 511
520 353
321 602
165 1271
972 199
724 252
161 1310
182 1133
392 475
300 654
504 364
159 1333
239 840
150 1476
140 1740
1504 154
1422 157
716 255
636 289
549 335
1216 172
228 882
235 855
559 329
493 372
1307 164
1447 156
305 641
1475 155
196 1035
418 441
658 279
288 686
142 1674
536 343
1248 169
1237 170
143 1645
171 1220
141 1705
