Length of the list   = 100
1196 189 1646
1718 659 315
482 430 1660
1648 784 270
372 1439 587
617 622 748
1709 227 1003
1675 484 420
208 1066 1509
194 1275 1361
1015 731 384
200 1877 1066
363 1305 647
995 440 668
887 597 533
988 310 992
262 1213 979
1049 647 421
260 1544 826
1010 860 338
499 1388 441
1305 642 359
1165 789 321
943 273 1240
1282 348 693
1295 507 460
164 1489 1695
497 1500 423
1222 371 667
268 885 1295
385 926 825
1417 542 403
578 980 511
1104 470 563
679 436 1008
381 1032 758
663 688 621
1142 403 644
1525 249 929
191 1786 1136
246 857 1733
536 755 714
206 1061 1571
1041 469 599
178 1326 1595
512 969 588
918 330 995
868 331 1063
1727 438 465
369 1351 619
1688 684 305
867 859 385
1726 351 605
469 1424 462
779 289 1468
656 883 495
434 481 1642
1030 1569 215
869 1732 239
1543 300 758
444 497 1493
1166 709 352
689 682 603
681 308 1700
1056 456 608
445 555 1242
1303 384 617
565 385 1513
1147 720 351
1630 172 1442
424 1240 574
602 922 519
1721 447 454
977 431 696
263 1739 777
329 634 1682
727 1283 325
369 937 852
1686 287 777
880 289 1253
535 628 860
1350 361 647
334 748 1196
1726 499 407
1668 543 377
1702 371 567
550 442 1277
163 1713 1466
1203 374 669
676 311 1680
1405 553 397
461 1603 444
492 557 1091
855 513 663
904 910 354
1402 719 310
1702 273 821
1678 1522 157
1193 1605 189
1622 350 617
