Length of the list   = 50
1122 706 820 679
1411 318 635 1690
1363 737 1432 389
1001 725 639 936
530 772 759 1418
357 1310 683 1599
1656 267 1268 848
1151 674 398 1491
1564 456 643 966
683 1434 361 1425
770 585 1298 742
510 1708 808 746
1879 533 1154 489
930 330 931 1590
360 707 1828 1247
1911 492 503 1094
928 548 1317 672
330 1604 1798 644
1164 386 1503 682
546 1229 461 1739
652 556 1407 873
1107 1399 238 1484
384 1566 1713 560
639 800 1618 621
474 557 1275 1547
735 474 780 1612
1603 360 789 981
685 1725 1092 432
303 769 1765 1393
1157 1072 724 535
316 1545 724 1425
1561 1105 606 494
1119 848 825 582
1898 231 814 1601
328 1744 684 1370
1584 789 369 1078
583 1737 1571 372
1152 402 1442 683
447 1356 1665 530
1728 733 313 1345
521 1321 1556 474
1691 669 414 1061
1030 1782 1015 325
1770 912 214 1907
362 826 955 1893
201 1622 1635 1138
1062 1659 416 711
1193 900 504 855
833 326 1062 1678
873 1664 1077 366
