Length of the list   = 100
735 1295 1825 1519 596 710
1707 1259 575 1419 1329 554
266 1698 1694 825 1507 1296
1813 446 879 1456 951 1308
678 851 901 1003 1397 1355
1678 766 1397 492 1593 835
1161 1718 362 1419 1076 1305
1410 819 570 997 1494 1242
467 1496 1525 726 1040 1361
1092 261 1968 1485 1178 1245
1630 942 523 1500 1339 824
1660 1319 1804 1070 819 339
1449 656 1437 383 1501 1673
771 1324 506 1042 1488 1518
1250 301 2083 741 1271 1615
1527 1343 1738 556 913 563
936 536 1984 527 1292 1774
694 1306 1122 1507 793 801
1175 521 1386 673 1570 1138
923 635 1202 1421 924 979
1839 1855 1310 949 475 665
458 866 1283 920 1446 1608
872 436 1257 1539 1442 975
1123 705 592 1085 1543 1570
1442 308 1817 977 1442 985
766 1541 1408 989 975 606
735 1622 324 1590 1467 1832
809 504 1846 760 1603 1220
313 893 1407 1654 1613 1072
1404 461 1465 1134 567 1829
1564 1055 1218 1438 511 721
510 1525 918 1741 728 1372
360 1465 1376 1255 933 1189
614 1665 504 1184 1720 1246
595 1427 927 1626 1430 606
982 973 735 1601 697 1501
1397 767 398 1801 1174 1790
1685 755 1712 1293 1479 310
545 871 760 1342 1713 1311
760 1090 1052 1418 1729 526
1636 1612 653 1358 395 1416
899 1284 1590 946 458 1269
206 1043 1448 1564 1696 1561
583 1720 958 1518 946 832
555 1183 1725 872 1019 1002
1477 1738 744 778 877 878
1776 458 1635 831 787 1306
1651 1587 1091 1154 872 370
1002 937 1750 350 1236 1535
1069 1712 1001 637 889 1024
672 1426 1180 659 1135 1100
540 1374 1672 1362 417 1770
1640 589 565 1148 1402 1550
1008 1568 280 1471 1503 1547
1549 1449 1085 694 418 1747
411 1579 611 1688 1196 1781
322 1622 1839 1208 1399 740
1084 986 1294 407 1231 1384
1731 1582 706 1646 317 1565
256 1407 1238 1747 1083 1545
755 652 1397 1640 566 1782
489 1833 1349 523 1673 1285
958 576 1507 1432 507 1606
1505 1771 1353 1215 392 720
528 1592 1897 1549 558 978
1064 1712 1531 801 1292 389
1064 1358 1221 476 1211 915
1395 441 1269 1119 736 1679
766 973 1695 1146 462 1469
1650 1241 922 1344 650 663
681 848 1048 1024 1016 1628
1858 1511 790 1713 414 945
1049 929 1057 1591 1669 435
702 1732 1594 477 1581 822
1199 1508 1275 300 1226 1233
339 1396 1782 1150 809 1577
1364 310 2045 641 1389 1627
1600 253 2093 727 1616 1442
1668 1823 480 1397 697 1048
725 553 1686 793 1517 1279
408 1279 1631 927 1200 1087
1091 717 1959 369 1306 1647
724 1268 812 1440 938 971
967 626 1556 474 1498 1765
777 685 1836 1672 578 1132
1709 1446 802 523 734 1669
1731 432 1566 862 699 1860
1154 416 773 1567 1469 1580
1738 619 1301 1218 602 1093
1516 838 1044 1674 1079 469
1192 551 1187 1453 571 1793
613 1460 1741 1069 819 755
571 962 748 1546 1814 1029
1792 1708 265 1436 1044 1531
584 794 892 1064 1641 1554
1625 1726 872 455 1066 981
644 672 941 1700 1681 1015
1642 1603 1347 677 503 888
598 1447 1617 1462 357 1717
1856 1623 1399 574 490 979
