Length of the list   = 50
1196 189 1646
1718 659 315
482 430 1660
1648 784 270
372 1439 587
617 622 748
1709 227 1003
1675 484 420
208 1066 1509
194 1275 1361
1015 731 384
200 1877 1066
363 1305 647
995 440 668
887 597 533
988 310 992
262 1213 979
1049 647 421
260 1544 826
1010 860 338
499 1388 441
1305 642 359
1165 789 321
943 273 1240
1282 348 693
1295 507 460
164 1489 1695
497 1500 423
1222 371 667
268 885 1295
385 926 825
1417 542 403
578 980 511
1104 470 563
679 436 1008
381 1032 758
663 688 621
1142 403 644
1525 249 929
191 1786 1136
246 857 1733
536 755 714
206 1061 1571
1041 469 599
178 1326 1595
512 969 588
918 330 995
868 331 1063
1727 438 465
369 1351 619
