Length of the list   = 100
1122 706 820 679
1411 318 635 1690
1363 737 1432 389
1001 725 639 936
530 772 759 1418
357 1310 683 1599
1656 267 1268 848
1151 674 398 1491
1564 456 643 966
683 1434 361 1425
770 585 1298 742
510 1708 808 746
1879 533 1154 489
930 330 931 1590
360 707 1828 1247
1911 492 503 1094
928 548 1317 672
330 1604 1798 644
1164 386 1503 682
546 1229 461 1739
652 556 1407 873
1107 1399 238 1484
384 1566 1713 560
639 800 1618 621
474 557 1275 1547
735 474 780 1612
1603 360 789 981
685 1725 1092 432
303 769 1765 1393
1157 1072 724 535
316 1545 724 1425
1561 1105 606 494
1119 848 825 582
1898 231 814 1601
328 1744 684 1370
1584 789 369 1078
583 1737 1571 372
1152 402 1442 683
447 1356 1665 530
1728 733 313 1345
521 1321 1556 474
1691 669 414 1061
1030 1782 1015 325
1770 912 214 1907
362 826 955 1893
201 1622 1635 1138
1062 1659 416 711
1193 900 504 855
833 326 1062 1678
873 1664 1077 366
688 667 849 1051
275 1032 1312 1303
754 366 1546 1097
1553 725 277 1949
1834 702 440 914
1096 423 1609 649
476 496 1700 1386
1743 1101 472 581
952 845 410 1349
647 1433 826 632
316 784 1218 1807
555 729 884 1188
1035 1372 1627 262
1180 947 1167 400
1330 759 571 806
164 1652 1484 1685
477 1136 796 1034
1636 491 455 1297
438 1036 1412 750
1780 1497 244 945
942 438 644 1664
1892 1057 448 615
1588 704 294 1629
1681 1241 474 533
970 415 654 1679
1323 658 360 1521
741 1465 604 728
1386 1833 674 370
209 1245 1224 1716
313 1403 734 1593
226 1255 1356 1295
1940 537 1142 488
1700 527 1509 426
741 661 1244 714
850 413 902 1278
899 1598 342 1078
1357 423 1818 540
448 1184 1708 597
492 1008 715 1260
1877 725 472 812
1659 261 976 1076
551 907 697 1250
1172 278 943 1464
919 789 1127 560
1516 1591 357 625
666 372 1543 1275
1819 264 994 1015
954 685 1726 494
1479 631 402 1247
1414 898 1216 362
