Length of the list   = 100
1218 1586 921 436 874
1234 1048 362 972 1477
687 406 1413 1184 1404
902 1236 544 1412 710
1599 362 948 1806 844
211 1452 1498 1727 1149
401 631 1221 1767 1208
1362 413 900 886 1592
1257 1750 985 658 513
1454 996 357 1308 1004
911 260 1419 1484 1784
1157 368 775 1941 1309
1438 983 434 767 1423
634 967 577 1169 1483
959 984 502 917 1382
1193 218 1407 1478 1586
940 924 1176 419 1853
1569 1209 745 351 1388
1357 1247 988 1193 323
1477 702 468 972 1726
1482 1505 294 779 1496
1764 1550 426 501 1344
886 495 902 1812 937
1083 415 1802 1781 582
1444 299 1530 874 1326
765 1405 639 1708 596
1203 1271 1040 591 658
656 794 1254 1591 571
1166 704 1458 1212 399
1530 586 1740 1143 384
309 970 1163 1221 1601
765 836 1269 1294 542
368 1400 592 1521 1754
990 538 1417 1069 753
1482 632 1559 659 661
718 441 1425 1469 1006
1606 1150 337 801 1482
1936 1600 529 331 1753
1610 587 540 1551 951
919 1291 594 1248 670
885 649 1375 1301 563
788 574 1219 1255 827
1222 483 1172 1231 702
1501 691 745 696 1147
465 951 840 1620 1022
607 860 633 1850 1116
321 1666 1457 836 1258
666 791 673 1410 1131
1407 1814 237 960 1620
509 752 1641 864 1252
942 1187 552 1133 810
1679 335 1699 1278 669
590 1099 524 1666 1168
1108 1698 1204 449 705
1271 799 447 1374 1011
1418 428 1586 494 1594
1768 369 1741 1182 623
812 490 714 1631 1562
1188 500 1696 475 1520
921 1792 537 666 1282
1651 509 969 535 1680
1108 1800 1681 654 387
1628 1373 440 524 1429
1402 1272 1602 628 387
1182 287 1303 1309 1229
260 1283 1625 1503 1002
746 959 504 1268 1312
1548 744 638 869 967
1428 829 1776 1037 311
638 1477 1544 349 1693
559 1070 1532 557 1390
956 588 1268 1013 781
487 1653 797 766 1624
1164 1031 482 1333 790
697 1456 1033 975 603
942 686 1501 1548 400
337 641 1453 1652 1395
808 1591 541 756 1312
662 804 1437 1030 763
1458 696 537 1628 817
1066 668 1682 880 599
1008 1608 693 1093 525
1120 633 842 692 1638
1541 929 517 827 1044
931 551 954 1003 1156
407 586 1128 1766 1516
1605 929 1254 556 634
1792 1176 1894 226 922
785 1078 742 1411 654
919 1699 603 641 1165
732 1484 1553 1214 347
722 1342 1887 298 1683
1592 526 1262 392 1824
1687 997 385 790 1489
973 510 1190 1413 705
1072 712 1290 514 1172
1171 507 770 1295 1029
484 739 732 1712 1639
926 1329 1419 685 540
555 985 574 1836 1243
